8.3,21.56
8.4,21.5
8.4,21.56
8.4,21.56
8.3,21.56
8.4,21.56
8.4,21.56
8.4,21.56
8.4,21.56
8.4,21.56
8.4,21.56
8.4,21.56
8.4,21.5
8.4,21.5
8.4,21.5
8.5,21.56
8.4,21.5
8.4,21.56
8.4,21.5
8.5,21.5
8.4,21.5
8.4,21.5
8.5,21.5
8.4,21.5
8.5,21.5
8.4,21.5
8.4,21.5
8.4,21.5
8.4,21.5
8.4,21.5
8.4,21.5
8.3,21.5
8.4,21.5
8.3,21.5
8.3,21.5
8.3,21.5
8.3,21.5
8.3,21.5
8.3,21.5
8.2,21.5
8.2,21.5
8.2,21.5
8.3,21.5
8.3,21.5
8.3,21.5
8.2,21.5
8.2,21.5
8.2,21.5
8.3,21.5
8.3,21.5
8.2,21.5
8.2,21.5
8.2,21.5
8.2,21.5
8.2,21.5
8.2,21.5
8.2,21.5
8.2,21.5
8.2,21.5
8.2,21.5
8.2,21.5
8.2,21.5
8.2,21.5
8.2,21.5
8.2,21.5
8.2,21.5
8.2,21.5
8.2,21.5
8.2,21.5
8.2,21.5
8.2,21.5
8.2,21.5
8.2,21.5
8.2,21.5
8.2,21.5
8.2,21.5
8.2,21.5
8.2,21.5
8.1,21.5
8.2,21.5
8.1,21.5
8.2,21.5
8.1,21.5
8.1,21.5
8.1,21.5
8.1,21.5
8.1,21.5
8.1,21.5
8.1,21.5
8,21.5
8,21.5
8,21.5
8,21.5
8,21.5
8,21.5
8,21.5
8,21.5
8,21.5
8,21.5
8,21.5
8,21.5
8,21.5
8,21.5
8,21.5
8,21.5
8,21.5
8,21.5
8,21.5
8,21.5
8,21.5
8,21.5
8,21.56
8,21.5
8,21.5
8,21.5
8,21.5
8,21.56
8,21.56
8,21.56
8,21.56
8,21.56
8,21.56
8,21.56
8,21.56
8,21.56
8,21.56
8,21.56
8,21.56
8,21.56
8,21.56
8,21.56
8,21.56
8,21.56
8,21.56
8,21.56
8,21.56
8,21.56
8,21.56
8,21.56
8,21.56
8,21.56
8,21.56
8,21.56
8,21.56
8,21.56
8,21.56
8,21.56
8.1,21.56
8.1,21.56
8.1,21.56
8.1,21.56
8.1,21.56
8.1,21.56
8.1,21.56
8.1,21.56
8.1,21.56
8.1,21.56
8.1,21.56
8.1,21.56
8.1,21.56
8.1,21.56
8.1,21.56
8,21.56
8.1,21.56
8.1,21.56
8,21.56
8,21.56
8.1,21.56
8,21.56
8,21.56
8,21.56
8,21.56
8,21.56
8,21.56
8,21.56
8,21.56
8,21.56
8,21.56
8,21.56
8,21.56
8,21.5
7.9,21.5
7.9,21.56
7.9,21.56
7.9,21.56
7.9,21.56
7.9,21.56
7.9,21.56
7.9,21.56
7.9,21.56
7.9,21.56
7.9,21.56
7.9,21.56
7.9,21.56
7.9,21.56
7.9,21.56
7.9,21.56
7.9,21.56
7.9,21.56
7.9,21.56
7.9,21.56
7.9,21.56
7.9,21.56
7.9,21.56
7.9,21.56
7.9,21.56
7.9,21.56
7.9,21.94
8,21.87
8,21.87
8,21.81
8,21.81
8,21.81
8,21.81
8.1,21.81
8.1,21.81
8.1,21.81
8.1,21.81
8.1,21.81
8.1,21.81
8.1,21.81
8.1,21.81
8.1,21.81
8.2,21.81
8.2,21.81
8.2,21.81
8.2,21.81
8.2,21.81
8.2,21.81
8.2,21.81
8.2,21.81
8.2,21.81
8.2,21.81
8.2,21.87
8.2,21.87
8.2,21.87
8.2,21.87
8.2,21.87
8.2,21.87
8.2,21.87
8.2,21.87
8.2,21.87
8.2,21.87
8.2,21.94
8.2,21.94
8.2,21.94
8.2,21.94
8.2,21.94
8.2,21.94
8.2,21.94
8.2,22
8.2,22
8.2,22
8.3,22
8.3,22
8.3,22.06
8.3,22.06
8.4,22.06
8.4,22.06
8.4,22.06
8.4,22.06
8.5,22.12
8.5,22.12
8.5,22.12
8.5,22.12
8.6,22.12
8.6,22.12
8.6,22.19
8.6,22.19
8.7,22.19
8.7,22.19
8.7,22.19
8.7,22.19
8.7,22.19
8.8,22.25
8.8,22.25
8.8,22.25
8.8,22.25
8.8,22.25
8.8,22.25
8.8,22.25
8.8,22.25
8.8,22.25
8.8,22.31
8.8,22.25
8.8,22.31
8.8,22.31
8.8,22.31
8.8,22.31
8.8,22.31
8.8,22.31
8.8,22.31
8.8,22.31
8.8,22.31
8.8,22.37
8.8,22.37
8.8,22.31
8.8,22.37
8.8,22.37
8.8,22.31
8.8,22.37
8.9,22.37
8.9,22.31
8.9,22.31
8.9,22.31
8.9,22.31
8.9,22.31
8.8,22.31
8.8,22.31
8.9,22.31
8.8,22.31
8.8,22.31
8.8,22.31
8.8,22.31
8.8,22.31
8.8,22.31
8.8,22.31
8.8,22.31
8.8,22.31
8.8,22.31
8.8,22.31
8.8,22.25
8.8,22.25
8.8,22.25
8.8,22.25
8.8,22.25
8.8,22.19
8.7,22.19
8.8,22.19
8.8,22.19
8.7,22.19
8.7,22.19
8.7,22.19
8.7,22.12
8.7,22.12
8.7,22.12
8.6,22.12
8.6,22.12
8.6,22.12
8.6,22.12
8.6,22.12
8.6,22.06
8.6,22.06
8.5,22.06
8.5,22.06
8.5,22.06
8.5,22.06
8.5,22
8.5,22
8.5,22
8.5,22
8.5,22
8.5,22
8.5,22
8.5,21.94
8.5,21.94
8.5,21.94
8.4,21.94
8.5,21.94
8.5,21.94
8.5,21.94
8.4,21.94
8.4,21.94
8.4,21.94
8.4,21.94
8.4,21.87
8.4,21.87
8.4,21.87
8.3,21.87
8.3,21.87
8.3,21.87
8.3,21.87
8.3,21.81
8.3,21.81
8.3,21.81
8.3,21.81
8.2,21.81
8.2,21.81
8.2,21.81
8.2,21.81
8.2,21.81
8.2,21.81
8.2,21.81
8.2,21.81
8.2,21.81
8.2,21.81
8.2,21.81
8.2,21.81
8.2,21.81
8.2,21.81
8.2,21.75
8.2,21.75
8.2,21.75
8.2,21.75
8.2,21.75
8.2,21.75
8.2,21.75
8.1,21.75
8.2,21.75
8.2,21.75
8.1,21.75
8.2,21.75
8.2,21.75
8.1,21.75
8.1,21.75
8.1,21.75
8.1,21.75
8.1,21.75
8.1,21.75
8.1,21.75
8.1,21.75
8.1,21.75
8.1,21.75
8.1,21.75
8.1,21.69
8.1,21.75
8.1,21.69
8.1,21.69
8.1,21.69
8.1,21.69
8.1,21.69
8.1,21.69
8,21.69
8.1,21.69
8.1,21.69
8.1,21.69
8.1,21.69
8.1,21.69
8.1,21.69
8,21.69
8,21.69
8.1,21.69
8.1,21.69
8.1,21.69
8.1,21.69
8,21.69
8.1,21.69
8,21.69
8,21.69
8,21.69
8,21.69
8,21.69
8,21.69
8,21.69
8,21.69
7.9,21.69
8,21.69
8,21.69
7.9,21.69
8,21.69
8,21.69
7.9,21.69
8,21.69
8,21.62
7.9,21.62
8,21.62
8,21.62
7.9,21.62
7.9,21.62
8,21.62
8,21.62
8,21.62
7.9,21.62
7.9,21.62
7.9,21.62
7.9,21.62
7.8,21.62
7.8,21.56
7.8,21.56
7.8,21.56
7.8,21.56
7.8,21.56
7.8,21.56
7.8,21.56
7.8,21.56
7.8,21.56
7.8,21.56
7.8,21.56
7.8,21.56
7.8,21.56
7.8,21.56
7.8,21.56
7.8,21.56
7.8,21.56
7.8,21.56
7.8,21.56
7.8,21.56
7.8,21.56
7.8,21.56
7.8,21.56
7.8,21.56
7.8,21.56
7.8,21.56
7.8,21.56
7.8,21.56
7.8,21.56
7.8,21.56
7.8,21.56
7.8,21.56
7.9,21.56
7.8,21.56
7.9,21.56
7.8,21.56
7.8,21.56
7.8,21.56
7.8,21.56
7.9,21.56
7.8,21.56
7.9,21.56
7.9,21.56
7.8,21.56
7.8,21.56
7.8,21.56
7.8,21.56
7.8,21.56
7.8,21.56
7.8,21.56
7.8,21.56
7.8,21.62
7.8,21.56
7.8,21.62
7.8,21.62
7.8,21.62
7.8,21.62
7.8,21.62
7.8,21.62
7.8,21.62
7.8,21.62
7.8,21.62
7.8,21.62
7.8,21.62
7.8,21.62
7.8,21.62
7.8,21.62
7.8,21.62
7.8,21.62
7.8,21.62
7.8,21.62
7.8,21.62
7.9,21.62
7.9,21.69
7.9,21.69
7.9,21.69
7.9,21.62
7.9,21.69
7.9,21.69
7.9,21.69
7.9,21.69
7.9,21.69
7.9,21.69
7.9,21.69
7.9,21.69
7.9,21.69
7.9,21.69
7.9,21.69
7.9,21.69
7.9,21.69
7.9,21.69
7.9,21.69
7.9,21.69
7.8,21.69
7.9,21.75
7.8,21.75
7.8,21.75
7.9,21.75
7.9,21.75
7.8,21.75
7.9,21.75
7.9,21.75
7.9,21.75
7.9,21.75
7.9,21.75
7.9,21.75
7.9,21.81
7.9,21.75
8,21.81
8,21.81
8,21.81
8,21.81
8,21.81
8,21.81
8,21.81
8,21.87
8.1,21.81
8.1,21.81
8.1,21.81
8.1,21.81
8.1,21.81
8.1,21.81
8.1,21.87
8.1,21.87
8.1,21.87
8.1,21.87
8.2,21.87
8.2,21.87
8.2,21.87
8.2,21.87
8.2,21.87
8.2,21.87
8.2,21.87
8.2,21.87
8.2,21.87
8.2,21.87
8.3,21.87
8.3,21.87
8.3,21.87
8.3,21.87
8.3,21.87
8.3,21.87
8.3,21.87
8.3,21.87
8.3,21.87
8.4,21.87
8.4,21.87
8.4,21.87
8.4,21.87
8.4,21.87
8.4,21.87
8.4,21.87
8.4,21.81
8.4,21.81
8.4,21.87
8.4,21.81
8.4,21.81
8.4,21.81
8.4,21.81
8.3,21.81
8.3,21.81
8.3,21.81
8.3,21.81
8.2,21.81
8.2,21.81
8.2,21.81
8.2,21.81
8.2,21.81
8.2,21.81
8.1,21.75
8.1,21.75
8.1,21.75
8.1,21.75
8.1,21.75
8.1,21.75
8.1,21.75
8.1,21.75
8.1,21.75
8.1,21.75
8.1,21.75
8.1,21.75
8.1,21.75
8.1,21.75
8,21.75
8,21.75
8,21.75
8,21.75
8,21.75
8,21.75
8,21.75
8,21.75
8,21.75
8,21.75
8,21.75
8,21.69
8,21.69
8,21.69
8,21.69
8,21.69
8,21.69
7.9,21.69
7.9,21.69
7.9,21.69
7.9,21.69
7.9,21.69
7.9,21.69
7.9,21.69
7.9,21.69
7.9,21.69
7.9,21.69
7.9,21.69
7.9,21.69
7.9,21.69
7.9,21.69
7.8,21.69
7.8,21.69
7.8,21.69
7.8,21.62
7.8,21.62
7.8,21.62
7.8,21.62
7.8,21.62
7.7,21.62
7.7,21.62
7.7,21.62
7.7,21.62
7.7,21.62
7.7,21.62
7.7,21.62
7.7,21.62
7.7,21.62
7.7,21.62
7.7,21.62
7.7,21.62
7.7,21.56
7.7,21.56
7.7,21.56
7.7,21.56
7.7,21.56
7.7,21.56
7.7,21.56
7.7,21.56
7.7,21.56
7.6,21.56
7.6,21.56
7.7,21.56
7.6,21.56
7.6,21.56
7.6,21.56
7.6,21.56
7.6,21.56
7.6,21.56
7.6,21.56
7.6,21.56
7.6,21.5
7.6,21.56
7.6,21.5
7.6,21.5
7.6,21.5
7.6,21.5
7.6,21.5
7.6,21.5
7.6,21.5
7.6,21.5
7.6,21.5
7.6,21.5
7.6,21.5
7.6,21.5
7.6,21.5
7.6,21.5
7.7,21.5
7.6,21.5
7.6,21.5
7.6,21.5
7.6,21.5
7.6,21.5
7.6,21.5
7.6,21.5
7.6,21.5
7.6,21.5
7.6,21.5
7.6,21.5
7.6,21.5
7.6,21.5
7.6,21.44
7.6,21.5
7.6,21.5
7.6,21.44
7.6,21.44
7.6,21.44
7.6,21.44
7.7,21.44
7.7,21.44
7.7,21.44
7.7,21.44
7.7,21.44
7.7,21.44
7.7,21.44
7.7,21.5
7.7,21.44
7.7,21.5
7.7,21.5
7.7,21.5
7.7,21.5
7.7,21.5
7.6,21.5
7.6,21.5
7.6,21.5
7.6,21.5
7.6,21.5
7.6,21.5
7.6,21.5
7.7,21.5
7.7,21.5
7.7,21.5
7.7,21.5
7.7,21.5
7.7,21.5
7.7,21.5
7.7,21.5
7.7,21.5
7.7,21.5
7.7,21.5
7.7,21.5
7.8,21.5
7.8,21.5
7.8,21.5
7.8,21.5
7.8,21.5
7.8,21.5
7.8,21.5
7.8,21.5
7.8,21.5
7.8,21.5
7.8,21.5
7.8,21.5
7.8,21.5
7.8,21.5
7.7,21.5
7.7,21.5
7.7,21.5
7.7,21.5
7.7,21.5
7.7,21.5
7.7,21.5
7.7,21.5
7.7,21.5
7.7,21.5
7.7,21.5
7.7,21.5
7.7,21.5
7.7,21.5
7.7,21.5
7.7,21.5
7.7,21.5
7.7,21.5
7.7,21.5
7.7,21.5
7.7,21.5
7.6,21.5
7.6,21.5
7.6,21.5
7.6,21.5
7.6,21.5
7.6,21.5
7.6,21.5
7.6,21.5
7.6,21.5
7.6,21.5
7.6,21.5
7.6,21.5
7.6,21.5
7.6,21.5
7.6,21.5
7.6,21.5
7.6,21.5
7.6,21.5
7.6,21.5
7.6,21.5
7.5,21.5
7.5,21.5
7.5,21.5
7.5,21.5
7.5,21.5
7.5,21.5
7.5,21.5
7.6,21.5
7.5,21.5
7.6,21.5
7.6,21.5
7.6,21.5
7.6,21.5
7.6,21.5
7.6,21.5
7.6,21.5
7.6,21.5
7.6,21.5
7.6,21.5
7.6,21.5
7.6,21.5
7.6,21.5
7.6,21.5
7.7,21.5
7.7,21.5
7.7,21.5
7.7,21.5
7.7,21.5
7.7,21.5
7.7,21.5
7.7,21.5
7.7,21.5
7.7,21.5
7.7,21.5
7.8,21.5
7.8,21.5
7.8,21.5
7.8,21.5
7.8,21.5
7.8,21.5
7.8,21.5
7.8,21.5
7.8,21.5
7.8,21.5
7.8,21.5
7.8,21.5
7.8,21.5
7.8,21.5
7.8,21.5
7.8,21.5
7.8,21.5
7.8,21.5
7.8,21.5
7.8,21.5
7.9,21.5
7.9,21.5
7.9,21.5
7.9,21.5
7.9,21.5
7.9,21.5
7.9,21.5
7.9,21.5
7.9,21.5
7.9,21.5
7.9,21.5
7.9,21.5
7.9,21.5
8,21.5
8,21.5
8,21.5
8,21.5
8,21.5
8,21.5
8,21.5
8,21.5
8,21.5
8,21.5
8,21.5
8,21.5
8,21.5
8,21.5
8.1,21.5
8.1,21.5
8.1,21.5
8.1,21.5
8,21.5
8.1,21.5
8.1,21.5
8.1,21.5
8.1,21.5
8.1,21.5
8.1,21.5
8,21.5
8.1,21.5
8,21.5
8.1,21.5
8.1,21.5
8.1,21.5
8.1,21.5
8,21.5
8.1,21.5
8.1,21.5
8.1,21.5
8.1,21.5
8.1,21.5
8.1,21.56
8.1,21.5
8.1,21.56
8.1,21.56
8.1,21.5
8.1,21.5
8.1,21.5
8,21.5
8.1,21.5
8.1,21.56
8.1,21.56
8.1,21.5
8.1,21.56
8.1,21.56
8.1,21.56
8.1,21.56
8.1,21.56
8.1,21.56
8.1,21.56
8.1,21.56
8.1,21.56
8.1,21.56
8.1,21.56
8.1,21.56
8.1,21.56
8.1,21.56
8.1,21.56
8.1,21.56
8.1,21.56
8.1,21.56
8.1,21.56
8.1,21.56
8,21.62
8.1,21.62
8.1,21.62
8,21.62
8,21.56
8,21.62
8,21.56
8,21.56
8,21.56
8,21.62
8,21.56
8,21.56
7.9,21.56
7.9,21.56
7.9,21.56
7.9,21.56
7.9,21.56
7.9,21.56
7.9,21.56
7.9,21.56
7.8,21.56
7.9,21.56
7.8,21.56
7.8,21.56
7.8,21.56
7.8,21.56
7.8,21.56
7.8,21.56
7.8,21.56
7.9,21.56
7.9,21.56
7.9,21.56
7.9,21.56
7.9,21.56
7.9,21.56
7.9,21.56
7.9,21.56
7.9,21.56
7.9,21.62
7.9,21.62
7.9,21.62
8,21.62
8,21.62
8,21.62
8,21.62
8,21.62
8,21.62
8,21.62
8,21.62
7.9,21.62
7.9,21.62
8,21.62
7.9,21.62
8,21.62
8,21.62
8,21.69
8,21.62
8,21.69
8,21.69
8,21.69
8,21.69
8,21.69
8,21.69
8,21.69
8.1,21.69
8,21.69
8,21.69
8,21.69
8.1,21.69
8.1,21.75
8.1,21.75
8.1,21.75
8.1,21.75
8.2,21.75
8.1,21.75
8.2,21.75
8.2,21.75
8.2,21.75
8.2,21.75
8.2,21.75
8.2,21.75
8.3,21.75
8.3,21.81
8.3,21.81
8.3,21.81
8.3,21.81
8.3,21.81
8.4,21.81
8.4,21.81
8.4,21.81
8.3,21.81
8.4,21.81
8.4,21.81
8.4,21.81
8.4,21.81
8.4,21.87
8.5,21.87
8.4,21.87
8.5,21.87
8.5,21.87
8.5,21.87
8.5,21.87
8.4,21.87
8.5,21.87
8.5,21.87
8.5,21.87
8.5,21.87
8.4,21.87
8.4,21.87
8.5,21.94
8.5,21.94
8.5,21.94
8.5,21.94
8.4,21.94
8.5,21.94
8.5,21.94
8.4,21.94
8.4,21.94
8.4,21.94
8.5,21.94
8.5,21.94
8.5,22
8.5,22
8.5,22
8.4,22
8.5,22
8.5,22
8.4,22
8.5,22
8.5,22.06
8.5,22.06
8.5,22.06
8.5,22.06
8.5,22.06
8.5,22.12
8.5,22.12
8.5,22.12
8.5,22.12
8.5,22.12
8.5,22.12
8.5,22.19
8.5,22.19
8.6,22.19
8.5,22.19
8.6,22.19
8.5,22.19
8.6,22.25
8.6,22.25
8.6,22.25
8.6,22.25
8.6,22.25
8.7,22.31
8.7,22.31
8.7,22.31
8.8,22.37
8.8,22.37
8.9,22.37
8.8,22.37
8.9,22.37
8.9,22.44
8.9,22.44
8.9,22.44
9,22.5
9,22.5
9,22.5
9.1,22.56
9.1,22.56
9.2,22.56
9.2,22.62
9.2,22.62
9.2,22.62
9.2,22.62
9.3,22.69
9.3,22.69
9.3,22.69
9.4,22.75
9.4,22.75
9.4,22.81
9.5,22.81
9.5,22.81
9.5,22.87
9.6,22.87
9.6,22.87
9.6,22.87
9.6,22.94
9.6,22.94
9.7,22.94
9.7,22.94
9.8,22.94
9.7,22.94
9.8,23
9.8,23
9.8,23
9.8,23
9.9,23.06
9.9,23.06
9.9,23.06
9.9,23.06
9.9,23.06
9.9,23.06
9.9,23.12
10,23.12
9.9,23.12
9.9,23.12
9.9,23.12
9.9,23.12
9.9,23.12
9.9,23.06
9.9,23.06
9.9,23.06
9.9,23.06
9.9,23.06
9.9,23.06
9.9,23.06
9.9,23.06
9.9,23.06
9.9,23.06
9.8,23.06
9.9,23.06
9.9,23.06
9.8,23.06
9.9,23.06
9.9,23
9.9,23.06
9.9,23
9.9,23
9.9,23
9.9,23
9.9,23
9.9,23
10,23
10,23
9.9,23
9.9,23
9.9,23
9.9,23
9.9,23
9.9,23
9.9,23
9.9,23
9.9,22.94
9.9,23
9.8,22.94
9.9,22.94
9.8,22.94
9.8,23
9.8,23
9.9,23
9.9,23
9.8,23
9.8,23
9.8,23
9.9,23
9.8,23
9.8,23
9.9,23
9.9,23.06
9.9,23.06
9.9,23.06
9.9,23.06
10,23.06
10,23.06
10,23.06
10,23.06
10,23.06
10,23.12
10.1,23.12
10.1,23.12
10.2,23.12
10.2,23.12
10.2,23.12
10.2,23.19
10.2,23.19
10.2,23.19
10.2,23.19
10.2,23.19
10.3,23.19
10.2,23.19
10.2,23.19
10.3,23.19
10.3,23.25
10.3,23.25
10.3,23.25
10.3,23.25
10.3,23.25
10.3,23.25
10.3,23.25
10.3,23.25
10.3,23.25
10.3,23.25
10.3,23.31
10.3,23.31
10.3,23.31
10.3,23.31
10.2,23.31
10.2,23.31
10.2,23.31
10.3,23.31
10.3,23.31
10.3,23.31
10.3,23.31
10.3,23.31
10.3,23.25
10.3,23.25
10.3,23.25
10.4,23.25
10.3,23.25
10.4,23.25
10.4,23.25
10.4,23.25
10.4,23.25
10.4,23.25
10.4,23.25
10.4,23.25
10.3,23.25
10.3,23.19
10.3,23.19
10.3,23.19
10.3,23.19
10.2,23.19
10.2,23.19
10.3,23.19
10.2,23.19
10.3,23.19
10.3,23.19
10.3,23.12
10.2,23.12
10.3,23.12
10.2,23.12
10.3,23.12
10.2,23.12
10.3,23.12
10.2,23.12
10.3,23.12
10.3,23.12
10.3,23.06
10.3,23.12
10.3,23.06
10.2,23.06
10.1,23.06
10,23.06
10,23.06
10,23.06
9.9,23.06
9.9,23.06
9.9,23.06
9.9,23.06
9.9,23.06
9.8,23.06
9.9,23.06
9.9,23.06
9.9,23.06
9.9,23.06
9.8,23.06
9.8,23.06
9.9,23.06
9.8,23.06
9.9,23.06
9.9,23.06
9.9,23.06
9.9,23.06
9.9,23.06
9.9,23.06
9.9,23.06
9.9,23.06
9.9,23.06
9.9,23.06
9.9,23.06
9.9,23.06
9.9,23.06
10,23.06
9.9,23.12
10,23.06
10,23.12
10,23.12
10,23.12
10.1,23.12
10.1,23.12
10.1,23.12
10.1,23.12
10.2,23.12
10.2,23.12
10.2,23.19
10.2,23.19
10.3,23.19
10.3,23.19
10.3,23.19
10.3,23.19
10.3,23.19
10.4,23.25
10.4,23.25
10.4,23.25
10.4,23.25
10.4,23.25
10.4,23.25
10.4,23.25
10.5,23.31
10.5,23.31
10.5,23.25
10.5,23.31
10.5,23.31
10.5,23.31
10.5,23.31
10.5,23.31
10.5,23.31
10.5,23.31
10.5,23.31
10.5,23.31
10.5,23.31
10.5,23.31
10.5,23.31
10.5,23.31
10.6,23.31
10.5,23.31
10.5,23.31
10.5,23.31
10.5,23.31
10.5,23.31
10.6,23.25
10.5,23.25
10.6,23.25
10.5,23.25
10.5,23.25
10.4,23.25
10.4,23.25
10.4,23.25
10.3,23.25
10.3,23.25
10.3,23.19
10.3,23.19
10.2,23.19
10.2,23.19
10.2,23.19
10.2,23.19
10.2,23.19
10.2,23.19
10.2,23.19
10.2,23.19
10.2,23.19
10.1,23.19
10.1,23.19
10.1,23.19
10.1,23.19
10.1,23.19
10.1,23.19
10.1,23.19
10,23.19
10,23.19
10,23.19
9.9,23.19
9.9,23.19
9.9,23.19
9.9,23.19
9.9,23.25
9.9,23.25
9.9,23.25
9.9,23.25
9.9,23.25
9.9,23.25
9.9,23.25
10,23.25
10,23.31
10,23.31
10.1,23.31
10.1,23.31
10.1,23.31
10.1,23.31
10.1,23.31
10.1,23.37
10.1,23.37
10.2,23.37
10.1,23.37
10.2,23.37
10.2,23.44
10.2,23.44
10.2,23.44
10.2,23.44
10.3,23.44
10.3,23.44
10.3,23.5
10.3,23.5
10.3,23.5
10.4,23.5
10.4,23.5
10.5,23.5
10.5,23.5
10.5,23.5
10.5,23.5
10.6,23.5
10.6,23.5
10.6,23.5
10.6,23.5
10.6,23.5
10.6,23.5
10.6,23.5
10.6,23.5
10.6,23.5
10.7,23.5
10.6,23.5
10.7,23.5
10.7,23.5
10.7,23.5
10.7,23.5
10.8,23.5
10.7,23.5
10.7,23.5
10.8,23.5
10.8,23.5
10.8,23.5
10.8,23.5
10.8,23.5
10.8,23.5
10.8,23.5
10.8,23.5
10.8,23.5
10.8,23.5
10.8,23.5
10.8,23.5
10.8,23.5
10.9,23.5
10.9,23.56
10.9,23.5
10.9,23.56
10.8,23.56
10.8,23.56
10.7,23.56
10.7,23.56
10.6,23.56
10.6,23.56
10.6,23.56
10.6,23.56
10.5,23.56
10.4,23.56
10.4,23.56
10.4,23.56
10.4,23.62
10.4,23.62
10.4,23.62
10.4,23.62
10.4,23.62
10.4,23.62
10.4,23.69
10.3,23.69
10.3,23.75
10.3,23.81
10.3,23.94
10.4,24
10.4,24.12
10.4,24.25
10.5,24.37
10.6,24.5
10.7,24.56
10.7,24.62
10.8,24.69
10.9,24.75
11,24.81
11.1,24.94
11.1,25
11.3,25.06
11.3,25.12
11.4,25.19
11.4,25.19
11.4,25.31
11.6,25.37
11.6,25.37
11.6,25.31
11.7,25.31
11.7,25.25
11.7,25.19
11.7,25.12
11.6,25.12
11.6,25.06
11.6,25
11.6,25
11.5,24.94
11.6,24.87
11.6,24.87
11.5,24.81
11.5,24.75
11.4,24.75
11.5,24.69
11.4,24.62
11.4,24.62
11.3,24.56
11.3,24.5
11.3,24.5
11.3,24.44
11.2,24.44
11.2,24.37
11.1,24.37
11.1,24.37
11.1,24.31
11.1,24.31
11.1,24.25
11,24.25
11,24.19
11,24.19
10.9,24.19
10.9,24.19
10.9,24.12
10.9,24.06
10.9,24.06
10.9,24.06
10.8,24.06
10.9,24
10.9,24.06
10.9,24.06
10.9,24.06