8.4,21.5
8.4,21.56
8.4,21.56
8.3,21.56
8.4,21.56
8.4,21.56
8.4,21.56
8.4,21.56
8.4,21.56
8.4,21.56
8.4,21.56
8.4,21.5
8.4,21.5
8.4,21.5
8.5,21.56
8.4,21.5
8.4,21.56
8.4,21.5
8.5,21.5
8.4,21.5
8.4,21.5
8.5,21.5
8.4,21.5
8.5,21.5
8.4,21.5
8.4,21.5
8.4,21.5
8.4,21.5
8.4,21.5
8.4,21.5
8.3,21.5
8.4,21.5
8.3,21.5
8.3,21.5
8.3,21.5
8.3,21.5
8.3,21.5
8.3,21.5
8.2,21.5
8.2,21.5
8.2,21.5
8.3,21.5
8.3,21.5
8.3,21.5
8.2,21.5
8.2,21.5
8.2,21.5
8.3,21.5
8.3,21.5
8.2,21.5
8.2,21.5
8.2,21.5
8.2,21.5
8.2,21.5
8.2,21.5
8.2,21.5
8.2,21.5
8.2,21.5
8.2,21.5
8.2,21.5
8.2,21.5
8.2,21.5
8.2,21.5
8.2,21.5
8.2,21.5
8.2,21.5
8.2,21.5
8.2,21.5
8.2,21.5
8.2,21.5
8.2,21.5
8.2,21.5
8.2,21.5
8.2,21.5
8.2,21.5
8.2,21.5
8.2,21.5
8.1,21.5
8.2,21.5
8.1,21.5
8.2,21.5
8.1,21.5
8.1,21.5
8.1,21.5
8.1,21.5
8.1,21.5
8.1,21.5
8.1,21.5
8.0,21.5
8.0,21.5
8.0,21.5
8.0,21.5
8.0,21.5
8.0,21.5
8.0,21.5
8.0,21.5
8.0,21.5
8.0,21.5
8.0,21.5
8.0,21.5
8.0,21.5
8.0,21.5
8.0,21.5
8.0,21.5
8.0,21.5
8.0,21.5
8.0,21.5
8.0,21.5
8.0,21.5
8.0,21.5
8.0,21.56
8.0,21.5
8.0,21.5
8.0,21.5
8.0,21.5
8.0,21.56
8.0,21.56
8.0,21.56
8.0,21.56
8.0,21.56
8.0,21.56
8.0,21.56
8.0,21.56
8.0,21.56
8.0,21.56
8.0,21.56
8.0,21.56
8.0,21.56
8.0,21.56
8.0,21.56
8.0,21.56
8.0,21.56
8.0,21.56
8.0,21.56
8.0,21.56
8.0,21.56
8.0,21.56
8.0,21.56
8.0,21.56
8.0,21.56
8.0,21.56
8.0,21.56
8.0,21.56
8.0,21.56
8.0,21.56
8.0,21.56
8.1,21.56
8.1,21.56
8.1,21.56
8.1,21.56
8.1,21.56
8.1,21.56
8.1,21.56
8.1,21.56
8.1,21.56
8.1,21.56
8.1,21.56
8.1,21.56
8.1,21.56
8.1,21.56
8.1,21.56
8.0,21.56
8.1,21.56
8.1,21.56
8.0,21.56
8.0,21.56
8.1,21.56
8.0,21.56
8.0,21.56
8.0,21.56
8.0,21.56
8.0,21.56
8.0,21.56
8.0,21.56
8.0,21.56
8.0,21.56
8.0,21.56
8.0,21.56
8.0,21.56
8.0,21.5
7.9,21.5
7.9,21.56
7.9,21.56
7.9,21.56
7.9,21.56
7.9,21.56
7.9,21.56
7.9,21.56
7.9,21.56
7.9,21.56
7.9,21.56
7.9,21.56
7.9,21.56
7.9,21.56
7.9,21.56
7.9,21.56
7.9,21.56
7.9,21.56
7.9,21.56
7.9,21.56
7.9,21.56
7.9,21.56
7.9,21.56
7.9,21.56
7.9,21.56
7.9,21.56
7.9,21.94
8.0,21.87
8.0,21.87
8.0,21.81
8.0,21.81
8.0,21.81
8.0,21.81
8.1,21.81
8.1,21.81
8.1,21.81
8.1,21.81
8.1,21.81
8.1,21.81
8.1,21.81
8.1,21.81
8.1,21.81
8.2,21.81
8.2,21.81
8.2,21.81
8.2,21.81
8.2,21.81
8.2,21.81
8.2,21.81
8.2,21.81
8.2,21.81
8.2,21.81
8.2,21.87
8.2,21.87
8.2,21.87
8.2,21.87
8.2,21.87
8.2,21.87
8.2,21.87
8.2,21.87
8.2,21.87
8.2,21.87
8.2,21.94
8.2,21.94
8.2,21.94
8.2,21.94
8.2,21.94
8.2,21.94
8.2,21.94
8.2,22.0
8.2,22.0
8.2,22.0
8.3,22.0
8.3,22.0
8.3,22.06
8.3,22.06
8.4,22.06
8.4,22.06
8.4,22.06
8.4,22.06
8.5,22.12
8.5,22.12
8.5,22.12
8.5,22.12
8.6,22.12
8.6,22.12
8.6,22.19
8.6,22.19
8.7,22.19
8.7,22.19
8.7,22.19
8.7,22.19
8.7,22.19
8.8,22.25
8.8,22.25
8.8,22.25
8.8,22.25
8.8,22.25
8.8,22.25
8.8,22.25
8.8,22.25
8.8,22.25
8.8,22.31
8.8,22.25
8.8,22.31
8.8,22.31
8.8,22.31
8.8,22.31
8.8,22.31
8.8,22.31
8.8,22.31
8.8,22.31
8.8,22.31
8.8,22.37
8.8,22.37
8.8,22.31
8.8,22.37
8.8,22.37
8.8,22.31
8.8,22.37
8.9,22.37
8.9,22.31
8.9,22.31
8.9,22.31
8.9,22.31
8.9,22.31
8.8,22.31
8.8,22.31
8.9,22.31
8.8,22.31
8.8,22.31
8.8,22.31
8.8,22.31
8.8,22.31
8.8,22.31
8.8,22.31
8.8,22.31
8.8,22.31
8.8,22.31
8.8,22.31
8.8,22.25
8.8,22.25
8.8,22.25
8.8,22.25
8.8,22.25
8.8,22.19
8.7,22.19
8.8,22.19
8.8,22.19
8.7,22.19
8.7,22.19
8.7,22.19
8.7,22.12
8.7,22.12
8.7,22.12
8.6,22.12
8.6,22.12
8.6,22.12
8.6,22.12
8.6,22.12
8.6,22.06
8.6,22.06